1 2431786
2 2546328
3 2475277
4 2549670
5 2382040
6 2407288
7 2479671
8 2343846
9 2408046
10 2476615
11 2467611
12 2490253
13 2419302
14 2444696
15 2429862
16 2515912
17 2383478
18 2333676
19 2429673
20 2413033
21 2493808
22 2322798
23 2388235
24 2328358
25 2345746
26 2420718
27 2513029
28 2378809
29 2405959
30 2424756
31 2417161
32 2486562
33 2474235
34 2364634
35 2472807
36 2426348
37 2383576
38 2423195
39 2473369
40 2500228
41 2396801
42 2461387
43 2452527
44 2352452
45 2411310
46 2379425
47 2367093
48 2481980
49 2435088
50 2459826
51 2493764
52 2385043
53 2464347
54 2470373
55 2468548
56 2405212
57 2437073
58 2379813
59 2398276
60 2387709
61 2420690
62 2450937
63 2417424
64 2433278
65 2519619
66 2485561
67 2507218
68 2492582
69 2388409
70 2465229
71 2414574
72 2307474
73 2512241
74 2450442
75 2470999
76 2470885
77 2421139
78 2425115
79 2383475
80 2404778
81 2424902
82 2454029
83 2341351
84 2390371
85 2439959
86 2404425
87 2426019
88 2378177
89 2393792
90 2460391
91 2354248
92 2345308
93 2385780
94 2364692
95 2354427
96 2466005
97 2388446
98 2399707
99 2306438
100 2481064
101 2458676
102 2373760
103 2572631
104 2453838
105 2433592
106 2430627
107 2434647
108 2424008
109 2518100
110 2425236
111 2430235
112 2392616
113 2393412
114 2458873
115 2390850
116 2446600
117 2435992
118 2360771
119 2446814
120 2440889
121 2406564
122 2387775
123 2512145
124 2485821
125 2408079
126 2377365
127 2456221
128 2375714
129 2432470
130 2410301
131 2381221
132 2387717
133 2413347
134 2417616
135 2349211
136 2426148
137 2450327
138 2477015
139 2375344
140 2468342
141 2405084
142 2446310
143 2390241
144 2290864
145 2423772
146 2454523
147 2469214
148 2438450
149 2440958
150 2475530
151 2402744
152 2410985
153 2390539
154 2348897
155 2440885
156 2410673
157 2441173
158 2429186
159 2382526
160 2478129
161 2411873
162 2427669
163 2397433
164 2359387
165 2526956
166 2411700
167 2403268
168 2382929
169 2358634
170 2349529
171 2408304
172 2444148
173 2411317
174 2442330
175 2394159
176 2402826
177 2403995
178 2335348
179 2370819
180 2483191
181 2453948
182 2511063
183 2489222
184 2361748
185 2379089
186 2539271
187 2372354
188 2460596
189 2472622
190 2381919
191 2470332
192 2508258
193 2343339
194 2412877
195 2461613
196 2446233
197 2421669
198 2374682
199 2468660
200 2402968
201 2482729
202 2371955
203 2508305
204 2425364
205 2407991
206 2367100
207 2431138
208 2343147
209 2392625
210 2406025
211 2471824
212 2380628
213 2469161
214 2460406
215 2421325
216 2452530
217 2404451
218 2419626
219 2456591
220 2413753
221 2454673
222 2411804
223 2394896
224 2386134
225 2440906
226 2460257
227 2348606
228 2397022
229 2486509
230 2417299
231 2383726
232 2396362
233 2484531
234 2470392
235 2471643
236 2381733
237 2406799
238 2427277
239 2430123
240 2401133
241 2382679
242 2344084
243 2370024
244 2442879
245 2388906
246 2384411
247 2392011
248 2434662
249 2477414
250 2495220
251 2493550
252 2452418
253 2489775
254 2411204
255 2426698
256 2457413
257 2461627
258 2504983
259 2364359
260 2413526
261 2326728
262 2403076
263 2377189
264 2478381
265 2404197
266 2437486
267 2440628
268 2399414
269 2359842
270 2450489
271 2416336
272 2428167
273 2488586
274 2459846
275 2457424
276 2397056
277 2401079
278 2437136
279 2458140
280 2453648
281 2434594
282 2481829
283 2416143
284 2482369
285 2398357
286 2440993
287 2311465
288 2476986
289 2475863
290 2462721
291 2471819
292 2430531
293 2470795
294 2434492
295 2384059
296 2386969
297 2449455
298 2329821
299 2477885
300 2399731
301 2415625
302 2487487
303 2393115
304 2532895
305 2491715
306 2458682
307 2479518
308 2486530
309 2414847
310 2433548
311 2387455
312 2379523
313 2393358
314 2434612
315 2412722
316 2342351
317 2400962
318 2457153
319 2294360
320 2443785
321 2436914
322 2440514
323 2369778
324 2374903
325 2403526
326 2292714
327 2441179
328 2512985
329 2329373
330 2424086
331 2404460
332 2422999
333 2383277
334 2496539
335 2383110
336 2406375
337 2429694
338 2464645
339 2489481
340 2432421
341 2392284
342 2449437
343 2407091
344 2398581
345 2442636
346 2403217
347 2366959
348 2462551
349 2411972
350 2413256
351 2427241
352 2436970
353 2431828
354 2343916
355 2394638
356 2345678
357 2415309
358 2487753
359 2388689
360 2385871
361 2513601
362 2459312
363 2408704
364 2407906
365 2408761
366 2465286
367 2443638
368 2587913
369 2425966
370 2480759
371 2507153
372 2355789
373 2438498
374 2411031
375 2414548
376 2524205
377 2392594
378 2474291
379 2398786
380 2410110
381 2427866
382 2512419
383 2462968
384 2376395
385 2333556
386 2598846
387 2544620
388 2414881
389 2423831
390 2378556
391 2393525
392 2483349
393 2360934
394 2382182
395 2375345
396 2433257
397 2338528
398 2368062
399 2394022
400 2483223
401 2358587
402 2422230
403 2397004
404 2410815
405 2454064
406 2390877
407 2381823
408 2388840
409 2370371
410 2493332
411 2427555
412 2395717
413 2384818
414 2382161
415 2425475
416 2407125
417 2446309
418 2510190
419 2408249
420 2497502
421 2427575
422 2421919
423 2323331
424 2436705
425 2369376
426 2333233
427 2451142
428 2560181
429 2490620
430 2410174
431 2480243
432 2341387
433 2364543
434 2343301
435 2549988
436 2444821
437 2354114
438 2378272
439 2410034
440 2371113
441 2379187
442 2366028
443 2361349
444 2378843
445 2488520
446 2395147
447 2454824
448 2480329
449 2436082
450 2345014
451 2395981
452 2453128
453 2440578
454 2463867
455 2493711
456 2504132
457 2406852
458 2334386
459 2421631
460 2490747
461 2379769
462 2529562
463 2439202
464 2465343
465 2394916
466 2369178
467 2409760
468 2417092
469 2564866
470 2454794
471 2368260
472 2504774
473 2433151
474 2351169
475 2431316
476 2472678
477 2397893
478 2441315
479 2417979
480 2427796
481 2490522
482 2446653
483 2424668
484 2492655
485 2436894
486 2407396
487 2430422
488 2430063
489 2362705
490 2358485
491 2355936
492 2424282
493 2492110
494 2369085
495 2368098
496 2379306
497 2464130
498 2436837
499 2386028
500 2400642
501 2413894
502 2502285
503 2403739
504 2445700
505 2320055
506 2332517
507 2426061
508 2425151
509 2392381
510 2389786
511 2413923
512 2429321
513 2385656
514 2440931
515 2451068
516 2416168
517 2402589
518 2434354
519 2393975
520 2308799
521 2400980
522 2475545
523 2402532
524 2400350
525 2471483
526 2365811
527 2416036
528 2364090
529 2418273
530 2444091
531 2475637
532 2455804
533 2544435
534 2432313
535 2422209
536 2449396
537 2563544
538 2348001
539 2270762
540 2512253
541 2379419
542 2416920
543 2373064
544 2441681
545 2419430
546 2517152
547 2324706
548 2392532
549 2426268
550 2487704
551 2439940
552 2390689
553 2342095
554 2488325
555 2491500
556 2490913
557 2346063
558 2441811
559 2338223
560 2465993
561 2384426
562 2404328
563 2488540
564 2473191
565 2399914
566 2477387
567 2515243
568 2386372
569 2405028
570 2546672
571 2414301
572 2341750
573 2455160
574 2405574
575 2423119
576 2518080
577 2423292
578 2419142
579 2404064
580 2322188
581 2444964
582 2351087
583 2435164
584 2462294
585 2467185
586 2369395
587 2315620
588 2431079
589 2412472
590 2444012
591 2342908
592 2391522
593 2391664
594 2397984
595 2394721
596 2414845
597 2332349
598 2336116
599 2316403
600 2484222
601 2427802
602 2293615
603 2364690
604 2501944
605 2406387
606 2478617
607 2342537
608 2381213
609 2416352
610 2345837
611 2428537
612 2374490
613 2395611
614 2328923
615 2470047
616 2354630
617 2496134
618 2398556
619 2399227
620 2473569
621 2306262
622 2308687
623 2422353
624 2329243
625 2382218
626 2433075
627 2483534
628 2451598
629 2354344
630 2441247
631 2471840
632 2387582
633 2442465
634 2354476
635 2408464
636 2396679
637 2334174
638 2355375
639 2437361
640 2455037
641 2451156
642 2309910
643 2444617
644 2476861
645 2493740
646 2415083
647 2456630
648 2346291
649 2433792
650 2393072
651 2492432
652 2496789
653 2427504
654 2366584
655 2460229
656 2431191
657 2453730
658 2384657
659 2448939
660 2400895
661 2420328
662 2373613
663 2570542
664 2397232
665 2399335
666 2483427
667 2411922
668 2433022
669 2389896
670 2478390
671 2482045
672 2429600
673 2464976
674 2494196
675 2468680
676 2430831
677 2418465
678 2431664
679 2366918
680 2372654
681 2432899
682 2387214
683 2409114
684 2419295
685 2317603
686 2403095
687 2517587
688 2499322
689 2372316
690 2368172
691 2429910
692 2404734
693 2394703
694 2444406
695 2363993
696 2380845
697 2458550
698 2415216
699 2429273
700 2389958
701 2356798
702 2399992
703 2417808
704 2474630
705 2450602
706 2487657
707 2483253
708 2471111
709 2445071
710 2402108
711 2412229
712 2471520
713 2362452
714 2412911
715 2470711
716 2433741
717 2351089
718 2532352
719 2404912
720 2377120
721 2454530
722 2368880
723 2386251
724 2513143
725 2465049
726 2381732
727 2401422
728 2504835
729 2461044
730 2468484
731 2398929
732 2401017
733 2414554
734 2384022
735 2474200
736 2546326
737 2376020
738 2356623
739 2455719
740 2457489
741 2356263
742 2503934
743 2347610
744 2410462
745 2429776
746 2462795
747 2429015
748 2493476
749 2438924
750 2458658
751 2492150
752 2397316
753 2376172
754 2526224
755 2460911
756 2492032
757 2432305
758 2493379
759 2408816
760 2363097
761 2501496
762 2452459
763 2333522
764 2473390
765 2459390
766 2420396
767 2411545
768 2419876
769 2465521
770 2394334
771 2413562
772 2390786
773 2338534
774 2568518
775 2446026
776 2373154
777 2443204
778 2403557
779 2403809
780 2391331
781 2397576
782 2307655
783 2373719
784 2429901
785 2423571
786 2367954
787 2373818
788 2477173
789 2361249
790 2440688
791 2468640
792 2468016
793 2541834
794 2488146
795 2514186
796 2402072
797 2357476
798 2402652
799 2360361
800 2407438
801 2453200
802 2461459
803 2404239
804 2352066
805 2515670
806 2408369
807 2369367
808 2415439
809 2451260
810 2398330
811 2408076
812 2413245
813 2353286
814 2402366
815 2497764
816 2407160
817 2481662
818 2524931
819 2421136
820 2421155
821 2375648
822 2468284
823 2450710
824 2429024
825 2442889
826 2426098
827 2412698
828 2417975
829 2400817
830 2389820
831 2425502
832 2417077
833 2415658
834 2447380
835 2355056
836 2443337
837 2535828
838 2370237
839 2359596
840 2402421
841 2450351
842 2340817
843 2392162
844 2447318
845 2372928
846 2549327
847 2448799
848 2401430
849 2457880
850 2392967
851 2464962
852 2394790
853 2483736
854 2348457
855 2390658
856 2463231
857 2391788
858 2468047
859 2468937
860 2445704
861 2457118
862 2501468
863 2455345
864 2418494
865 2403573
866 2378235
867 2411427
868 2431678
869 2370498
870 2431184
871 2461734
872 2383613
873 2335990
874 2537461
875 2365077
876 2515423
877 2369580
878 2379683
879 2450436
880 2419509
881 2459983
882 2511334
883 2413294
884 2605610
885 2431359
886 2390244
887 2421903
888 2408727
889 2435876
890 2513717
891 2462498
892 2348604
893 2450716
894 2395643
895 2445284
896 2522362
897 2324039
898 2438812
899 2487993
900 2374309
901 2489872
902 2380315
903 2388333
904 2477844
905 2469563
906 2378033
907 2499604
908 2351166
909 2407411
910 2391361
911 2430507
912 2474147
913 2407205
914 2509984
915 2455345
916 2377353
917 2507841
918 2350167
919 2568728
920 2389677
921 2519609
922 2461937
923 2563556
924 2377171
925 2456177
926 2287494
927 2351285
928 2303915
929 2514200
930 2441408
931 2412876
932 2390474
933 2419592
934 2352016
935 2364852
936 2416412
937 2367159
938 2525928
939 2472591
940 2318510
941 2472636
942 2526893
943 2457910
944 2434792
945 2454427
946 2403324
947 2469861
948 2413463
949 2494929
950 2471936
951 2354348
952 2388451
953 2439653
954 2389561
955 2471847
956 2376197
957 2348839
958 2418517
959 2430948
960 2428240
961 2422561
962 2408267
963 2427377
964 2375300
965 2528611
966 2442701
967 2379406
968 2508321
969 2492607
970 2472982
971 2419307
972 2423596
973 2362438
974 2369841
975 2386339
976 2486238
977 2356380
978 2546049
979 2372570
980 2403071
981 2439102
982 2429336
983 2474550
984 2409831
985 2483150
986 2311631
987 2453572
988 2325536
989 2433346
990 2402352
991 2502693
992 2521844
993 2388179
994 2331467
995 2432968
996 2308897
997 2408532
998 2410688
999 2466910
1000 2395035
