1 66
2 70
3 40
4 83
5 16
6 41
7 95
8 88
9 69
10 33
11 31
12 17
13 34
14 16
15 83
16 6
17 8
18 9
19 59
20 28
21 15
22 60
23 89
24 27
25 30
26 65
27 53
28 41
29 0
30 84
31 47
32 7
33 61
34 35
35 32
36 19
37 47
38 75
39 53
40 50
41 18
42 12
43 58
44 34
45 45
46 17
47 57
48 26
49 83
50 19
51 87
52 8
53 11
54 50
55 26
56 66
57 96
58 68
59 74
60 72
61 73
62 8
63 68
64 51
65 26
66 3
67 84
68 83
69 98
70 3
71 61
72 18
73 10
74 71
75 92
76 4
77 9
78 9
79 57
80 41
81 92
82 1
83 8
84 73
85 51
86 3
87 56
88 46
89 52
90 54
91 61
92 34
93 83
94 66
95 35
96 69
97 47
98 51
99 93
100 75
101 87
102 43
103 83
104 36
105 0
106 74
107 91
108 47
109 79
110 17
111 60
112 64
113 74
114 53
115 3
116 26
117 29
118 95
119 50
120 0
121 56
122 89
123 73
124 55
125 32
126 47
127 73
128 72
129 77
130 25
131 94
132 62
133 60
134 23
135 13
136 78
137 36
138 38
139 23
140 31
141 98
142 39
143 30
144 18
145 46
146 55
147 23
148 86
149 52
150 6
151 62
152 88
153 78
154 32
155 9
156 78
157 53
158 74
159 19
160 29
161 6
162 83
163 82
164 73
165 5
166 78
167 75
168 51
169 61
170 68
171 80
172 18
173 41
174 18
175 21
176 58
177 99
178 76
179 32
180 83
181 11
182 88
183 28
184 61
185 92
186 41
187 52
188 25
189 5
190 63
191 47
192 69
193 47
194 77
195 75
196 38
197 55
198 39
199 16
200 64
201 41
202 31
203 93
204 63
205 34
206 4
207 1
208 56
209 41
210 7
211 15
212 99
213 10
214 69
215 78
216 67
217 84
218 17
219 27
220 36
221 75
222 5
223 7
224 6
225 6
226 11
227 89
228 50
229 44
230 93
231 57
232 36
233 90
234 92
235 27
236 2
237 90
238 24
239 20
240 55
241 11
242 18
243 64
244 65
245 60
246 29
247 8
248 63
249 95
250 51
251 86
252 10
253 66
254 35
255 54
256 98
257 48
258 93
259 27
260 7
261 13
262 33
263 76
264 90
265 4
266 99
267 50
268 44
269 36
270 94
271 25
272 29
273 65
274 82
275 37
276 29
277 28
278 62
279 89
280 52
281 29
282 13
283 18
284 47
285 91
286 28
287 69
288 9
289 65
290 31
291 36
292 21
293 29
294 85
295 40
296 80
297 58
298 18
299 92
300 7
301 85
302 27
303 99
304 60
305 47
306 41
307 9
308 65
309 44
310 27
311 33
312 14
313 44
314 73
315 75
316 8
317 64
318 38
319 51
320 87
321 92
322 20
323 40
324 36
325 82
326 11
327 38
328 54
329 32
330 38
331 34
332 40
333 80
334 12
335 19
336 47
337 93
338 1
339 2
340 9
341 21
342 13
343 1
344 8
345 8
346 23
347 56
348 75
349 24
350 99
351 82
352 23
353 44
354 67
355 35
356 64
357 37
358 7
359 74
360 2
361 59
362 50
363 9
364 13
365 42
366 30
367 39
368 68
369 38
370 49
371 20
372 64
373 16
374 49
375 77
376 53
377 44
378 17
379 61
380 52
381 78
382 2
383 62
384 97
385 57
386 97
387 77
388 8
389 64
390 80
391 83
392 87
393 20
394 21
395 59
396 26
397 86
398 87
399 63
400 52
401 55
402 57
403 51
404 64
405 62
406 31
407 82
408 48
409 16
410 21
411 34
412 38
413 25
414 73
415 56
416 61
417 84
418 95
419 78
420 51
421 27
422 11
423 3
424 61
425 73
426 79
427 29
428 64
429 0
430 93
431 79
432 73
433 44
434 75
435 20
436 34
437 75
438 56
439 88
440 21
441 14
442 99
443 79
444 50
445 29
446 9
447 19
448 13
449 3
450 24
451 80
452 13
453 28
454 96
455 23
456 80
457 68
458 90
459 80
460 85
461 4
462 22
463 9
464 57
465 89
466 90
467 8
468 30
469 28
470 69
471 32
472 47
473 2
474 94
475 66
476 52
477 90
478 40
479 95
480 48
481 98
482 7
483 46
484 97
485 74
486 44
487 24
488 95
489 15
490 41
491 96
492 63
493 48
494 97
495 26
496 22
497 68
498 43
499 52
500 39
501 39
502 56
503 80
504 21
505 28
506 96
507 36
508 4
509 24
510 21
511 56
512 83
513 60
514 69
515 65
516 53
517 48
518 90
519 35
520 98
521 13
522 13
523 9
524 4
525 13
526 20
527 31
528 11
529 40
530 21
531 84
532 95
533 35
534 45
535 76
536 13
537 70
538 62
539 95
540 53
541 61
542 73
543 85
544 78
545 15
546 35
547 92
548 86
549 91
550 40
551 67
552 48
553 10
554 50
555 85
556 10
557 28
558 88
559 76
560 44
561 15
562 73
563 90
564 48
565 92
566 14
567 19
568 73
569 94
570 42
571 70
572 81
573 7
574 29
575 70
576 79
577 12
578 60
579 45
580 77
581 95
582 49
583 73
584 12
585 25
586 53
587 91
588 59
589 68
590 22
591 84
592 61
593 32
594 6
595 42
596 60
597 99
598 21
599 23
600 97
601 77
602 91
603 53
604 34
605 97
606 37
607 83
608 61
609 79
610 6
611 4
612 95
613 71
614 55
615 83
616 82
617 88
618 31
619 4
620 39
621 4
622 27
623 68
624 57
625 54
626 5
627 26
628 64
629 77
630 95
631 94
632 53
633 62
634 54
635 91
636 74
637 9
638 22
639 80
640 93
641 7
642 22
643 73
644 16
645 65
646 55
647 80
648 63
649 99
650 15
651 35
652 54
653 90
654 85
655 33
656 87
657 71
658 84
659 86
660 42
661 17
662 2
663 25
664 77
665 12
666 73
667 34
668 91
669 98
670 71
671 7
672 84
673 21
674 21
675 99
676 89
677 89
678 51
679 14
680 37
681 22
682 84
683 68
684 77
685 18
686 92
687 37
688 51
689 67
690 71
691 14
692 39
693 25
694 2
695 54
696 23
697 17
698 0
699 3
700 24
701 7
702 30
703 76
704 57
705 2
706 38
707 34
708 80
709 98
710 38
711 48
712 84
713 35
714 73
715 66
716 3
717 7
718 76
719 89
720 67
721 33
722 96
723 91
724 23
725 28
726 89
727 65
728 11
729 11
730 20
731 8
732 40
733 26
734 9
735 60
736 9
737 86
738 6
739 97
740 3
741 69
742 16
743 0
744 19
745 80
746 10
747 55
748 35
749 90
750 29
751 75
752 30
753 51
754 33
755 70
756 48
757 68
758 12
759 64
760 32
761 28
762 44
763 37
764 6
765 91
766 80
767 5
768 84
769 70
770 1
771 0
772 41
773 85
774 58
775 73
776 84
777 94
778 99
779 8
780 32
781 80
782 15
783 35
784 32
785 8
786 28
787 20
788 14
789 67
790 18
791 26
792 38
793 65
794 39
795 62
796 3
797 88
798 5
799 92
800 44
801 39
802 89
803 6
804 50
805 73
806 52
807 68
808 67
809 70
810 64
811 45
812 23
813 68
814 25
815 71
816 84
817 56
818 24
819 0
820 92
821 47
822 79
823 76
824 44
825 2
826 79
827 51
828 48
829 16
830 29
831 49
832 61
833 37
834 31
835 5
836 23
837 54
838 86
839 40
840 0
841 7
842 31
843 41
844 60
845 63
846 77
847 78
848 90
849 88
850 42
851 87
852 46
853 52
854 67
855 36
856 84
857 23
858 46
859 33
860 4
861 82
862 59
863 74
864 0
865 99
866 4
867 9
868 31
869 91
870 45
871 23
872 63
873 51
874 81
875 90
876 37
877 53
878 47
879 74
880 38
881 79
882 12
883 83
884 58
885 96
886 1
887 59
888 25
889 6
890 94
891 60
892 61
893 78
894 0
895 29
896 23
897 51
898 8
899 11
900 38
901 74
902 49
903 72
904 76
905 0
906 88
907 40
908 2
909 24
910 65
911 2
912 74
913 66
914 66
915 21
916 28
917 27
918 16
919 30
920 63
921 25
922 13
923 81
924 24
925 78
926 63
927 47
928 31
929 14
930 19
931 68
932 3
933 3
934 82
935 58
936 93
937 74
938 41
939 50
940 63
941 86
942 92
943 22
944 0
945 11
946 8
947 10
948 98
949 38
950 30
951 17
952 19
953 46
954 45
955 64
956 95
957 98
958 13
959 65
960 29
961 85
962 8
963 62
964 33
965 36
966 13
967 99
968 84
969 1
970 99
971 26
972 47
973 66
974 68
975 94
976 46
977 86
978 94
979 73
980 60
981 94
982 65
983 73
984 72
985 64
986 34
987 75
988 14
989 82
990 0
991 72
992 19
993 56
994 37
995 83
996 19
997 43
998 93
999 50
1000 75
