1 181
2 608
3 429
4 720
5 412
6 216
7 845
8 233
9 980
10 744
11 818
12 62
13 852
14 519
15 555
16 409
17 647
18 133
19 199
20 473
21 16
22 884
23 211
24 876
25 854
26 741
27 859
28 468
29 216
30 939
31 527
32 558
33 495
34 184
35 278
36 145
37 726
38 800
39 389
40 210
41 752
42 116
43 957
44 650
45 630
46 561
47 925
48 763
49 304
50 148
51 602
52 385
53 232
54 690
55 706
56 522
57 908
58 841
59 79
60 898
61 948
62 203
63 500
64 961
65 260
66 775
67 211
68 195
69 705
70 434
71 607
72 916
73 11
74 656
75 52
76 261
77 737
78 16
79 275
80 879
81 857
82 254
83 462
84 883
85 290
86 313
87 17
88 174
89 999
90 265
91 40
92 131
93 108
94 645
95 218
96 146
97 679
98 243
99 687
100 134
101 390
102 822
103 211
104 238
105 210
106 841
107 637
108 763
109 648
110 306
111 595
112 778
113 842
114 795
115 148
116 168
117 302
118 99
119 401
120 179
121 566
122 907
123 687
124 811
125 311
126 38
127 489
128 997
129 53
130 226
131 380
132 222
133 31
134 476
135 626
136 711
137 448
138 780
139 190
140 480
141 793
142 63
143 329
144 106
145 682
146 883
147 905
148 774
149 428
150 408
151 542
152 842
153 698
154 58
155 468
156 873
157 555
158 46
159 976
160 806
161 61
162 76
163 665
164 765
165 305
166 82
167 625
168 791
169 145
170 217
171 573
172 859
173 300
174 465
175 482
176 450
177 235
178 250
179 604
180 999
181 640
182 224
183 932
184 696
185 538
186 78
187 508
188 23
189 897
190 640
191 625
192 282
193 575
194 196
195 255
196 995
197 12
198 718
199 715
200 204
201 257
202 350
203 12
204 245
205 272
206 22
207 494
208 506
209 367
210 338
211 537
212 927
213 884
214 326
215 368
216 882
217 454
218 306
219 60
220 607
221 328
222 960
223 75
224 534
225 266
226 243
227 187
228 658
229 984
230 548
231 303
232 861
233 472
234 758
235 586
236 275
237 146
238 918
239 953
240 849
241 599
242 485
243 8
244 384
245 874
246 29
247 236
248 528
249 54
250 327
251 230
252 199
253 198
254 752
255 85
256 256
257 840
258 39
259 529
260 465
261 115
262 554
263 792
264 714
265 244
266 300
267 379
268 220
269 331
270 143
271 734
272 604
273 505
274 838
275 162
276 755
277 41
278 171
279 347
280 516
281 113
282 596
283 551
284 663
285 637
286 525
287 917
288 391
289 283
290 459
291 158
292 396
293 557
294 935
295 968
296 851
297 108
298 463
299 827
300 979
301 835
302 97
303 57
304 247
305 359
306 424
307 730
308 266
309 803
310 654
311 268
312 903
313 200
314 551
315 699
316 308
317 989
318 611
319 515
320 752
321 869
322 263
323 772
324 744
325 134
326 520
327 386
328 737
329 840
330 18
331 677
332 963
333 916
334 156
335 186
336 988
337 697
338 826
339 373
340 97
341 707
342 907
343 413
344 491
345 775
346 14
347 539
348 761
349 811
350 54
351 550
352 690
353 858
354 955
355 317
356 194
357 646
358 32
359 332
360 388
361 474
362 465
363 113
364 453
365 100
366 728
367 512
368 359
369 365
370 727
371 522
372 656
373 223
374 354
375 393
376 654
377 192
378 425
379 251
380 139
381 538
382 978
383 416
384 238
385 89
386 262
387 605
388 110
389 71
390 273
391 212
392 34
393 978
394 145
395 35
396 823
397 250
398 906
399 958
400 111
401 734
402 815
403 665
404 692
405 541
406 981
407 191
408 180
409 412
410 204
411 476
412 952
413 710
414 482
415 723
416 76
417 851
418 453
419 772
420 131
421 382
422 678
423 194
424 925
425 453
426 80
427 587
428 623
429 77
430 304
431 579
432 196
433 18
434 914
435 48
436 620
437 72
438 391
439 106
440 984
441 712
442 857
443 829
444 139
445 593
446 395
447 811
448 340
449 817
450 132
451 447
452 697
453 604
454 488
455 640
456 362
457 1
458 594
459 941
460 192
461 260
462 103
463 404
464 263
465 776
466 52
467 762
468 948
469 561
470 445
471 526
472 642
473 864
474 767
475 689
476 688
477 184
478 921
479 270
480 259
481 844
482 550
483 912
484 341
485 92
486 900
487 893
488 779
489 335
490 574
491 802
492 618
493 765
494 208
495 550
496 982
497 113
498 382
499 757
500 835
501 570
502 585
503 553
504 302
505 486
506 313
507 426
508 966
509 819
510 688
511 450
512 260
513 863
514 325
515 660
516 604
517 781
518 865
519 845
520 280
521 353
522 536
523 241
524 657
525 138
526 175
527 126
528 201
529 849
530 970
531 701
532 882
533 815
534 599
535 174
536 920
537 508
538 729
539 111
540 475
541 218
542 637
543 630
544 606
545 422
546 842
547 405
548 93
549 655
550 926
551 601
552 946
553 614
554 250
555 274
556 695
557 731
558 289
559 513
560 708
561 107
562 612
563 652
564 465
565 518
566 864
567 475
568 895
569 524
570 861
571 238
572 346
573 948
574 404
575 852
576 977
577 985
578 743
579 170
580 497
581 61
582 900
583 15
584 264
585 685
586 120
587 659
588 698
589 745
590 102
591 766
592 762
593 767
594 13
595 763
596 276
597 977
598 365
599 514
600 755
601 97
602 798
603 235
604 707
605 528
606 931
607 431
608 950
609 451
610 579
611 113
612 257
613 644
614 238
615 546
616 139
617 143
618 304
619 734
620 956
621 918
622 47
623 296
624 260
625 850
626 955
627 66
628 915
629 602
630 205
631 135
632 741
633 140
634 358
635 57
636 349
637 965
638 287
639 441
640 969
641 322
642 452
643 780
644 126
645 368
646 485
647 813
648 746
649 477
650 162
651 521
652 700
653 99
654 909
655 443
656 341
657 115
658 335
659 216
660 555
661 352
662 445
663 740
664 507
665 375
666 851
667 35
668 579
669 892
670 311
671 503
672 744
673 198
674 475
675 149
676 183
677 481
678 343
679 292
680 66
681 839
682 749
683 394
684 365
685 745
686 435
687 208
688 503
689 503
690 448
691 823
692 881
693 193
694 630
695 456
696 549
697 357
698 138
699 304
700 821
701 322
702 537
703 913
704 540
705 43
706 951
707 121
708 655
709 463
710 299
711 942
712 131
713 680
714 764
715 92
716 651
717 603
718 840
719 885
720 824
721 866
722 48
723 122
724 192
725 59
726 757
727 376
728 315
729 853
730 388
731 834
732 603
733 251
734 750
735 865
736 675
737 198
738 72
739 942
740 464
741 32
742 125
743 967
744 184
745 794
746 813
747 365
748 422
749 63
750 348
751 848
752 889
753 525
754 879
755 833
756 675
757 562
758 290
759 375
760 14
761 82
762 836
763 858
764 741
765 445
766 908
767 556
768 112
769 516
770 988
771 881
772 874
773 856
774 703
775 55
776 966
777 393
778 958
779 336
780 367
781 934
782 50
783 284
784 319
785 224
786 887
787 206
788 764
789 11
790 726
791 950
792 639
793 832
794 866
795 184
796 572
797 161
798 591
799 795
800 478
801 611
802 12
803 466
804 966
805 986
806 706
807 649
808 417
809 902
810 369
811 121
812 256
813 660
814 745
815 299
816 874
817 30
818 124
819 378
820 653
821 909
822 692
823 450
824 995
825 621
826 417
827 486
828 751
829 457
830 731
831 595
832 903
833 180
834 643
835 341
836 983
837 464
838 872
839 894
840 400
841 315
842 730
843 734
844 240
845 390
846 792
847 349
848 898
849 400
850 107
851 47
852 578
853 361
854 299
855 654
856 622
857 250
858 364
859 500
860 201
861 943
862 627
863 538
864 626
865 354
866 151
867 349
868 998
869 954
870 240
871 819
872 844
873 417
874 972
875 26
876 441
877 643
878 870
879 196
880 311
881 679
882 878
883 656
884 846
885 744
886 454
887 207
888 695
889 82
890 436
891 209
892 240
893 718
894 122
895 941
896 370
897 344
898 833
899 546
900 260
901 536
902 915
903 736
904 330
905 210
906 801
907 329
908 750
909 645
910 96
911 283
912 359
913 397
914 467
915 501
916 520
917 651
918 127
919 146
920 441
921 242
922 165
923 889
924 734
925 353
926 210
927 156
928 876
929 445
930 410
931 801
932 376
933 509
934 245
935 7
936 514
937 497
938 994
939 292
940 20
941 137
942 795
943 980
944 539
945 312
946 343
947 160
948 672
949 32
950 224
951 381
952 470
953 525
954 190
955 650
956 40
957 529
958 678
959 13
960 7
961 282
962 329
963 886
964 855
965 331
966 300
967 135
968 911
969 349
970 561
971 265
972 505
973 338
974 136
975 369
976 160
977 113
978 814
979 846
980 665
981 382
982 716
983 868
984 505
985 399
986 701
987 442
988 417
989 180
990 517
991 976
992 641
993 990
994 853
995 91
996 548
997 365
998 553
999 341
1000 511
